K1 = -2.482936299;
tau = 0.02575805674;
C = -7;